IMPEDANCE_FILTER:
  M: [1, 1, 1, 0.0833333, 0.0833333, 0.0833333]
  B: [6.32455532, 6.32455532, 6.32455532, 0.5270462767, 0.5270462767, 0.5270462767]
  K: [10, 10, 10, 0.83333333 , 0.83333333, 0.83333333]
MRAC:
  REFERENCE_MODEL:
    OMEGA: [3.16227766, 3.16227766, 3.16227766, 3.16227766, 3.16227766, 3.16227766]
    ZETA: [1, 1, 1, 1, 1, 1]