theta: [0, 0, 4.71238898, 1.570796327, 4.71238898, 1.570796327, 1.570796327, 4.71238898, 1.570796327, 0]
alpha: [0, 4.71238898, 4.71238898, 4.71238898, 1.570796327, 1.570796327, 4.71238898, 0, 0, 0]
d: [0, 0, 0, 0, 0.07349, -0.1583424671, 0, 0, 0, 0]
a: [0, 0, 0, 0, 0, 0, 0, 0.094, 0.06107, 0.04903524]