theta: [0, 0, 4.71238898, 1.570796327, 4.71238898, 1.570796327, 1.570796327, 1.570796327, 3.141592654, 3.141592654]
alpha: [0, 4.71238898, 4.71238898, 4.71238898, 1.570796327, 1.570796327, 4.71238898, 0, 0, 3.141592654]
d: [0, 0, 0, 0, 0.07349, 0, 0, 0, 0, 0]
a: [0, 0, 0, 0, 0, 0, 0, 0.094, 0.06107, 0.04903524]